SNV coverage report - HG003.novaseq.wes-agilent.100x.dedup.grch38.per-base.bed

100% of all pathogenic germline SNVs and 100% of all pathogenic somatic SNVs are covered above threshold (15)

Whole genome coverage:
median mean  std 1st quartile 3rd quartile  min     max
    18   53  106            8           71    0   51189

Pathogenic (G - germline, S - somatic) SNV coverage:
('count' is the number of variants in a given region)

region count(G)  median(G) std(G) min(G) max(G) count(S)  median(S) std(S) min(S) max(S)
----------------------------------------------------------------------------------------
   ALL    14157        141    100      0   1087      310        162    108     46    863
----------------------------------------------------------------------------------------
  chr1     1182        138    109      0   1087       10        146     39     82    179
  chr2     1118        143     98     19    956       33        181     95     46    432
  chr3      774        152     98      0    646       40        165     85     68    468
  chr4      270        122     73      0    551        6         88     19     75    133
  chr5      538        146    113      0    875       10        187     68    130    373
  chr6      511        145    154      0   1070        0          0      0      0      0
  chr7      717        139    114      0    798       13        132     61    124    280
  chr8      335        138     97     23    753        0          0      0      0      0
  chr9      479        125     83      0    519        1         78      0     78     78
 chr10      362        154    112     12    863       32        136    214     50    863
 chr11      966        122     84      9    869        9         95     39     66    201
 chr12      709        142     91     11    580       12        150     31    119    214
 chr13      910        198     89      2    772       26        173    159     48    772
 chr14      324        152     82      6    452        6        198     77     92    309
 chr15      533        139     82     30    740        4        185     54     90    221
 chr16      643        136     80      7    602        1        226      0    226    226
 chr17     1561        163     91      0    938       88        197     71     88    359
 chr18      154        142     78      3    576        4        188     51    168    297
 chr19      720        148    105     11    644       10        120     72     54    280
 chr20      146        142    177      0   1084        0          0      0      0      0
 chr21      174        104     63     19    455        1         69      0     69     69
 chr22      181        132     55     33    301        2        237      9    228    246
  chrX      850         72     55      0    316        2        167     23    144    190
  chrY        0          0      0      0      0        0          0      0      0      0
----------------------------------------------------------------------------------------
